Table 3 (Panel B: columns 1-3)

1.937007874015748 2.439162539986783 127 65 16 46 .5855855855855856 .0435445636118742 30% bank decline vs. 30% nonfin decline
1.381294964028777 2.141998957694757 139 57 40 42 .5757575757575758 .079534825940619 bank stock peak vs. nonfin stock peak
26.97872340425532 23.9573663355254 141 85 XXX 56 .6028368794326241 .0090280725263505 time from peak to trough for bank stocks

Table A10 (Panel A: columns 1-5)

-.2745098039215687 -.1994974110391473 51 21 4 26 .4468085106382979 .8091533011683933 EXCLUDE: inrange(year_revised,1870,1939)==0
3.421052631578947 3.710068224318143 76 44 12 20 .6875 .00184498213827 EXCLUDE: inrange(year_revised,1940,2016)==0
.8918918918918919 .6906127070165501 37 17 5 15 .53125 .4300250329542911 EXCLUDE: inrange(year_revised,1940,2016)==0 | EM==0
5.82051282051282 4.817064426228995 39 27 7 5 .84375 .0000565371010453 EXCLUDE: inrange(year_revised,1940,2016)==0 | EM==1
3.866666666666667 1.752982581664596 15 9 2 4 .6923076923076923 .1334228515625001 EXCLUDE: inrange(year_revised,1940,2005)==0 | EM==1

Table 3 (Panel A: columns 2-3)

3.204301075268817 2.482988497765007 93 38 33 22 .6333333333333333 .0259469479644608 30% bank decline vs. RR narrative start
2.851485148514851 2.338377290751355 101 32 53 16 .6666666666666666 .0146524733602647 30% bank decline vs. earliest narrative start

Table 3 (Panel A: columns 1,5,4,7,6)

7.462365591397849 4.91750066839744 93 69 5 19 .7840909090909091 3.91831231567e-08 30% bank decline vs. Panic month
3.439024390243902 2.029712157792636 41 23 2 16 .5897435897435898 .1683918175949661 bank30decline vs. sB_1pctspike_tm
6.175 6.136230185081321 40 32 4 4 .8888888888888888 9.70787368715e-07 bank30decline vs. sB_2pctspike_tm
4.263157894736842 1.802226345934438 19 12 0 7 .631578947368421 .1796417236328126 bank30decline vs. sC_1pctspike_tm
8.842105263157896 6.751884159143467 19 16 1 2 .8888888888888888 .0006561279296875 bank30decline vs. sC_2pctspike_tm

Table 4

0 0 0 .0028540007770061 .0051999948918819 .0068999938666821 .0098299998790026 .0113999992609024 .0545999705791473 B_20decline_sB_increase
0 0 0 .0035500079393387 .0051999948918819 .0068999938666821 .0098299998790026 .0113999992609024 .0545999705791473 B_25decline_sB_increase
0 0 .0029199998825788 .004440002143383 .0054062032140791 .0078000016510487 .009919997304678 .0227019935846329 .0922999680042267 B_30decline_sB_increase
0 0 .0035500079393387 .0052300021052361 .0067650005221367 .009919997304678 .013299997895956 .0287500098347664 .1264999210834503 B_35decline_sB_increase
0 .0029199998825788 .0052300021052361 .0063000023365021 .0084900036454201 .0129399970173836 .0227019935846329 .032600000500679 .4867999851703644 B_40decline_sB_increase
0 .0035500079393387 .0055375001393259 .0067650005221367 .008550001308322 .013299997895956 .0227019935846329 .032600000500679 .4867999851703644 B_45decline_sB_increase
.0010225800331682 .004907400906086 .0061590030789375 .0085260022431612 .0122949983924627 .0201499953866005 .0281119961291552 .0663999974727631 .6471299678087257 B_50decline_sB_increase
.0029274201020598 .0058800019323826 .0084960034117103 .0110066041350365 .0135450009256601 .0249594364315271 .0325781997293234 .0648994088172913 .3748524963855739 B_55decline_sB_increase

0 0 0 0 0 .0041857022792101 .0092200001701713 .0118969962000847 .0227389603853226 B_20decline_sC_increase
0 0 0 0 .002470001578331 .0041857022792101 .0092200001701713 .0118969962000847 .0227389603853226 B_25decline_sC_increase
0 0 0 .0019339986145496 .0029285047203302 .0073399975895882 .012527996301651 .015670002810657 .0227389603853226 B_30decline_sC_increase
0 0 .0001799997873604 .0023360008373857 .0037142531946301 .0085669964551926 .0134744964540005 .0159050036221743 .0251328406855464 B_35decline_sC_increase
0 0 0 .0032091032713652 .0045000016689301 .0096009962260723 .0140719974413514 .0161400044336915 .0300067212432623 B_40decline_sC_increase
0 0 .0030642533674836 .0036300010979176 .0062749991193414 .0106349959969521 .0144949988462031 .0163750052452087 .0330206016078591 B_45decline_sC_increase
0 0 .0030642533674836 .0036300010979176 .0062749991193414 .0106349959969521 .0144949988462031 .0163750052452087 .0323206009343266 B_50decline_sC_increase
0 0 .0029828041791916 .0034580014646053 .0045000016689301 .0118969962000847 .0149180002510548 .0299000069499016 .047834724932909 B_55decline_sC_increase

